etiqueta,valor
mociones,1853
